-0.0001469268
-0.0000844240
0.0000357371
0.0000282111
-0.0000446430
-0.0000061993
0.0000824201
0.0000052935
-0.0002520214
-0.0000213715
-0.0003666853
-0.0002565431
0.0001304155
0.0000705019
-0.0002881722
-0.0001200208
-0.0001263092
0.0003191094
-0.0003800702
-0.0008892113
0.0003912262
-0.0006191192
0.0001322236
0.0000155253
0.0000701904
0.0000200229
-0.0000078603
0.0000937260
-0.0000121299
-0.0001853674
0.0002036493
0.0000379783
-0.0000195246
0.0000980731
0.0000128794
-0.0000911867
0.0000590621
0.0000258006
0.0002305788
-0.0000948576
0.0000792866
0.0000182780
0.0001975137
-0.0000129797
-0.0000388480
0.0000740704
0.0001929461
-0.0000123031
-0.0000626832
-0.0000090312
0.0000213812
-0.0000241131
-0.0000680366
0.0000876262
0.0002227491
-0.0000791961
0.0000263519
-0.0000027724
-0.0001190004
0.0001605617
0.0001962508
0.0000465809
-0.0001344760
-0.0000238102
-0.0000330436
0.0001610515
0.0000062794
-0.0000037168
0.0000231284
0.0000273231
0.0000087972
0.0003105082
-0.0000644414
0.0000695113
0.0000365958
-0.0002897071
-0.0000911332
-0.0001344856
-0.0000390117
-0.0000982898
0.0000914310
0.0000478744
-0.0000389026
-0.0000517060
0.0000642045
0.0000029721
0.0000110053
0.0000183254
0.0002253337
0.0001796864
0.0001049496
-0.0003287734
-0.0000841329
0.0001182314
-0.0001939447
0.0001079644
0.0000243806
-0.0000708655
0.0001447709
0.0000887375
-0.0000976592
0.0000623470
-0.0000914570
0.0000154096
-0.0000144258
-0.0000256117
-0.0000181397
-0.0000191469
-0.0000212250
-0.0000204883
-0.0000203601
0.0000034880
0.0000068884
-0.0000096586
-0.0000071527
-0.0000001917
0.0000290276
0.0000114982
-0.0000387651
-0.0000184324
0.0000056894
0.0000305442
-0.0000128085
-0.0000406538
0.0000213206
0.0000258567
0.0000023106
-0.0000007017
-0.0000376944
0.0000106089
0.0000141698
0.0000027677
0.0000130103
0.0000001791
0.0000013569
0.0000252880
-0.0000001156
-0.0000264738
0.0000328392
0.0000108789
0.0000286104
-0.0000092435
-0.0000038928
-0.0000099450
0.0000005192
-0.0000042174
0.0000066013
-0.0000027880
0.0000039732
-0.0000014888
-0.0000086107
-0.0000016243
-0.0000000137
-0.0000113848
-0.0000026935
-0.0000019266
0.0000081730
-0.0000055013
-0.0000097716
-0.0000029977
0.0000012134
-0.0000043760
-0.0000109140
-0.0000182068
-0.0000092909
0.0000112590
-0.0000018999
-0.0000034398
-0.0000089172
-0.0000098973
0.0000026616
0.0000035264
-0.0000041174
-0.0000081519
-0.0000064417
-0.0000095019
-0.0000020353
0.0000010128
-0.0000086759
-0.0000053129
-0.0000079295
-0.0000032165
-0.0000020103
-0.0000044701
-0.0000048713
-0.0000002058
-0.0000011881
0.0000058225
-0.0000046621
-0.0000126011
-0.0000030419
-0.0000020008
0.0000091014
-0.0000120011
-0.0000025003
-0.0000091067
-0.0000025563
0.0000033160
-0.0000031265
-0.0000030262
-0.0000135498
-0.0000015858
-0.0000018146
0.0000005708
-0.0000060889
-0.0000029559
-0.0000030432
-0.0000021658
-0.0000099442
-0.0000077358
-0.0000010092
0.0000042757
0.0000059272
-0.0000104075
0.0000000063
-0.0000095961
-0.0000021992
-0.0000066072
-0.0000041494
-0.0000036977
-0.0000083145
-0.0000025624
-0.0000062098
0.0000026120
-0.0000128061
0.0000030612
-0.0000071961
-0.0000023945
-0.0000024849
-0.0000043805
-0.0000028378
-0.0000014276
-0.0000031738
-0.0000072628
-0.0000019908
-0.0000059925
-0.0000012129
-0.0000071842
-0.0000024936
-0.0000078169
-0.0000081753
-0.0000013959
-0.0000029218
-0.0000046440
-0.0000066428
-0.0000020746
-0.0000092341
0.0000011373
-0.0000055487
-0.0000037262
-0.0000029026
-0.0000028587
-0.0000006966
-0.0000087652
-0.0000022267
-0.0000089282
-0.0000043987
-0.0000092275
-0.0000034554
-0.0000057123
-0.0000043883
-0.0000057849
-0.0000054433
-0.0000011100
-0.0000059633
-0.0000034868
-0.0000046335
-0.0000072441
-0.0000005267
-0.0000070913
-0.0000032560
-0.0000034318
-0.0000023879
-0.0000105238
-0.0000021634
-0.0000050403
-0.0000012542
-0.0000070483
-0.0000043016
-0.0000061165
-0.0000062489
-0.0000011400
-0.0000029927
-0.0000038734
-0.0000059012
-0.0000019893
-0.0000041160
-0.0000026679
-0.0000052325
-0.0000006088
-0.0000069951
-0.0000063768
-0.0000039363
-0.0000046390
-0.0000007627
-0.0000066621
-0.0000041371
-0.0000030197
-0.0000042756
-0.0000077969
-0.0000032714
-0.0000020407
-0.0000063447
-0.0000031970
-0.0000090271
-0.0000031602
-0.0000027610
-0.0000021502
-0.0000040474
-0.0000087878
-0.0000061680
-0.0000094515
-0.0000002539
-0.0000075838
-0.0000019146
-0.0000088799
-0.0000011983
-0.0000053984
-0.0000005941
-0.0000072487
-0.0000023682
-0.0000029912
-0.0000091773
-0.0000014691
-0.0000069168
-0.0000088097
-0.0000054753
-0.0000035169
-0.0000030716
-0.0000061445
-0.0000051129
-0.0000047539
-0.0000033602
-0.0000039196
-0.0000035754
-0.0000105169
-0.0000048065
-0.0000030817
-0.0000041218
-0.0000040934
-0.0000052660
-0.0000037712
-0.0000121178
-0.0000065720
-0.0000079865
-0.0000042299
-0.0000069709
-0.0000064783
-0.0000029286
-0.0000089181
0.0000008395
-0.0000115835
0.0000009628
-0.0000114117
0.0000012257
-0.0000055990
-0.0000068245
-0.0000078380
-0.0000071046
-0.0000050846
-0.0000043013
-0.0000004939
-0.0000065181
-0.0000055186
-0.0000117248
-0.0000026867
-0.0000141151
-0.0000057257
0.0000000813
-0.0000021495
-0.0000049351
-0.0000093434
-0.0000055550
-0.0000107284
0.0000046185
-0.0000064647
-0.0000050172
-0.0000065860
-0.0000018484
-0.0000044076
-0.0000053407
-0.0000083533
-0.0000053512
-0.0000096039
-0.0000075649
-0.0000029460
0.0000010256
0.0000015209
-0.0000078152
-0.0000060600
-0.0000032803
-0.0000129647
0.0000003811
-0.0000089523
-0.0000095731
0.0000036261
-0.0000097315
-0.0000106750
-0.0000008555
-0.0000052358
-0.0000056754
-0.0000028511
0.0000048821
-0.0000006538
-0.0000041299
-0.0000103738
-0.0000040815
-0.0000051013
-0.0000030855
0.0000002583
0.0000000234
-0.0000061954
-0.0000025376
-0.0000036444
-0.0000120533
-0.0000119613
0.0000003139
0.0000016641
-0.0000025082
-0.0000016658
-0.0000067064
-0.0000028144
-0.0000064995
-0.0000038091
-0.0000149478
-0.0000061015
-0.0000085296
-0.0000024958
-0.0000062012
-0.0000058800
-0.0000060632
-0.0000123040
0.0000009729
-0.0000036587
-0.0000025405
-0.0000136644
-0.0000021526
-0.0000060885
-0.0000084410
-0.0000044789
-0.0000180076
0.0000133829
-0.0000006410
-0.0000057347
0.0000057482
-0.0000012770
0.0000086474
-0.0000030162
-0.0000130525
-0.0000152524
-0.0000010167
-0.0000054809
-0.0000021497
0.0000016856
-0.0000067566
-0.0000085864
0.0000157997
-0.0000048431
0.0000076612
-0.0000147194
-0.0000210035
0.0000108107
-0.0000125259
-0.0000170572
0.0000083891
-0.0000123255
-0.0000152403
-0.0000083314
0.0000034633
0.0000021130
-0.0000096589
-0.0000118146
-0.0000023079
-0.0000132000
0.0000012638
-0.0000050556
-0.0000011691
0.0000209716
0.0000058064
-0.0000064086
-0.0000151809
-0.0000043469
-0.0000034690
-0.0000045438
-0.0000077913
0.0000042767
0.0000019415
0.0000010350
-0.0000054194
-0.0000107576
-0.0000039805
0.0000038468
-0.0000103341
0.0000134112
-0.0000011302
0.0000084944
0.0000065512
0.0000004820
-0.0000048043
0.0000072100
-0.0000001587
-0.0000038147
0.0000160702
-0.0000029558
-0.0000149204
-0.0000075308
-0.0000093796
-0.0000023275
-0.0000072869
-0.0000082000
-0.0000062812
-0.0000166081
0.0000131962
-0.0000166081
-0.0000062812
-0.0000082000
-0.0000072869
-0.0000023275
-0.0000093796
-0.0000075308
-0.0000149204
-0.0000029558
0.0000160702
-0.0000038147
-0.0000001587
0.0000072100
-0.0000048043
0.0000004820
0.0000065512
0.0000084944
-0.0000011302
0.0000134112
-0.0000103341
0.0000038468
-0.0000039805
-0.0000107576
-0.0000054194
0.0000010350
0.0000019415
0.0000042767
-0.0000077913
-0.0000045438
-0.0000034690
-0.0000043469
-0.0000151809
-0.0000064086
0.0000058064
0.0000209716
-0.0000011691
-0.0000050556
0.0000012638
-0.0000132000
-0.0000023079
-0.0000118146
-0.0000096589
0.0000021130
0.0000034633
-0.0000083314
-0.0000152403
-0.0000123255
0.0000083891
-0.0000170572
-0.0000125259
0.0000108107
-0.0000210035
-0.0000147194
0.0000076612
-0.0000048431
0.0000157997
-0.0000085864
-0.0000067566
0.0000016856
-0.0000021497
-0.0000054809
-0.0000010167
-0.0000152524
-0.0000130525
-0.0000030162
0.0000086474
-0.0000012770
0.0000057482
-0.0000057347
-0.0000006410
0.0000133829
-0.0000180076
-0.0000044789
-0.0000084410
-0.0000060885
-0.0000021526
-0.0000136644
-0.0000025405
-0.0000036587
0.0000009729
-0.0000123040
-0.0000060632
-0.0000058800
-0.0000062012
-0.0000024958
-0.0000085296
-0.0000061015
-0.0000149478
-0.0000038091
-0.0000064995
-0.0000028144
-0.0000067064
-0.0000016658
-0.0000025082
0.0000016641
0.0000003139
-0.0000119613
-0.0000120533
-0.0000036444
-0.0000025376
-0.0000061954
0.0000000234
0.0000002583
-0.0000030855
-0.0000051013
-0.0000040815
-0.0000103738
-0.0000041299
-0.0000006538
0.0000048821
-0.0000028511
-0.0000056754
-0.0000052358
-0.0000008555
-0.0000106750
-0.0000097315
0.0000036261
-0.0000095731
-0.0000089523
0.0000003811
-0.0000129647
-0.0000032803
-0.0000060600
-0.0000078152
0.0000015209
0.0000010256
-0.0000029460
-0.0000075649
-0.0000096039
-0.0000053512
-0.0000083533
-0.0000053407
-0.0000044076
-0.0000018484
-0.0000065860
-0.0000050172
-0.0000064647
0.0000046185
-0.0000107284
-0.0000055550
-0.0000093434
-0.0000049351
-0.0000021495
0.0000000813
-0.0000057257
-0.0000141151
-0.0000026867
-0.0000117248
-0.0000055186
-0.0000065181
-0.0000004939
-0.0000043013
-0.0000050846
-0.0000071046
-0.0000078380
-0.0000068245
-0.0000055990
0.0000012257
-0.0000114117
0.0000009628
-0.0000115835
0.0000008395
-0.0000089181
-0.0000029286
-0.0000064783
-0.0000069709
-0.0000042299
-0.0000079865
-0.0000065720
-0.0000121178
-0.0000037712
-0.0000052660
-0.0000040934
-0.0000041218
-0.0000030817
-0.0000048065
-0.0000105169
-0.0000035754
-0.0000039196
-0.0000033602
-0.0000047539
-0.0000051129
-0.0000061445
-0.0000030716
-0.0000035169
-0.0000054753
-0.0000088097
-0.0000069168
-0.0000014691
-0.0000091773
-0.0000029912
-0.0000023682
-0.0000072487
-0.0000005941
-0.0000053984
-0.0000011983
-0.0000088799
-0.0000019146
-0.0000075838
-0.0000002539
-0.0000094515
-0.0000061680
-0.0000087878
-0.0000040474
-0.0000021502
-0.0000027610
-0.0000031602
-0.0000090271
-0.0000031970
-0.0000063447
-0.0000020407
-0.0000032714
-0.0000077969
-0.0000042756
-0.0000030197
-0.0000041371
-0.0000066621
-0.0000007627
-0.0000046390
-0.0000039363
-0.0000063768
-0.0000069951
-0.0000006088
-0.0000052325
-0.0000026679
-0.0000041160
-0.0000019893
-0.0000059012
-0.0000038734
-0.0000029927
-0.0000011400
-0.0000062489
-0.0000061165
-0.0000043016
-0.0000070483
-0.0000012542
-0.0000050403
-0.0000021634
-0.0000105238
-0.0000023879
-0.0000034318
-0.0000032560
-0.0000070913
-0.0000005267
-0.0000072441
-0.0000046335
-0.0000034868
-0.0000059633
-0.0000011100
-0.0000054433
-0.0000057849
-0.0000043883
-0.0000057123
-0.0000034554
-0.0000092275
-0.0000043987
-0.0000089282
-0.0000022267
-0.0000087652
-0.0000006966
-0.0000028587
-0.0000029026
-0.0000037262
-0.0000055487
0.0000011373
-0.0000092341
-0.0000020746
-0.0000066428
-0.0000046440
-0.0000029218
-0.0000013959
-0.0000081753
-0.0000078169
-0.0000024936
-0.0000071842
-0.0000012129
-0.0000059925
-0.0000019908
-0.0000072628
-0.0000031738
-0.0000014276
-0.0000028378
-0.0000043805
-0.0000024849
-0.0000023945
-0.0000071961
0.0000030612
-0.0000128061
0.0000026120
-0.0000062098
-0.0000025624
-0.0000083145
-0.0000036977
-0.0000041494
-0.0000066072
-0.0000021992
-0.0000095961
0.0000000063
-0.0000104075
0.0000059272
0.0000042757
-0.0000010092
-0.0000077358
-0.0000099442
-0.0000021658
-0.0000030432
-0.0000029559
-0.0000060889
0.0000005708
-0.0000018146
-0.0000015858
-0.0000135498
-0.0000030262
-0.0000031265
0.0000033160
-0.0000025563
-0.0000091067
-0.0000025003
-0.0000120011
0.0000091014
-0.0000020008
-0.0000030419
-0.0000126011
-0.0000046621
0.0000058225
-0.0000011881
-0.0000002058
-0.0000048713
-0.0000044701
-0.0000020103
-0.0000032165
-0.0000079295
-0.0000053129
-0.0000086759
0.0000010128
-0.0000020353
-0.0000095019
-0.0000064417
-0.0000081519
-0.0000041174
0.0000035264
0.0000026616
-0.0000098973
-0.0000089172
-0.0000034398
-0.0000018999
0.0000112590
-0.0000092909
-0.0000182068
-0.0000109140
-0.0000043760
0.0000012134
-0.0000029977
-0.0000097716
-0.0000055013
0.0000081730
-0.0000019266
-0.0000026935
-0.0000113848
-0.0000000137
-0.0000016243
-0.0000086107
-0.0000014888
0.0000039732
-0.0000027880
0.0000066013
-0.0000042174
0.0000005192
-0.0000099450
-0.0000038928
-0.0000092435
0.0000286104
0.0000108789
0.0000328392
-0.0000264738
-0.0000001156
0.0000252880
0.0000013569
0.0000001791
0.0000130103
0.0000027677
0.0000141698
0.0000106089
-0.0000376944
-0.0000007017
0.0000023106
0.0000258567
0.0000213206
-0.0000406538
-0.0000128085
0.0000305442
0.0000056894
-0.0000184324
-0.0000387651
0.0000114982
0.0000290276
-0.0000001917
-0.0000071527
-0.0000096586
0.0000068884
0.0000034880
-0.0000203601
-0.0000204883
-0.0000212250
-0.0000191469
-0.0000181397
-0.0000256117
-0.0000144258
0.0000154096
-0.0000914570
0.0000623470
-0.0000976592
0.0000887375
0.0001447709
-0.0000708655
0.0000243806
0.0001079644
-0.0001939447
0.0001182314
-0.0000841329
-0.0003287734
0.0001049496
0.0001796864
0.0002253337
0.0000183254
0.0000110053
0.0000029721
0.0000642045
-0.0000517060
-0.0000389026
0.0000478744
0.0000914310
-0.0000982898
-0.0000390117
-0.0001344856
-0.0000911332
-0.0002897071
0.0000365958
0.0000695113
-0.0000644414
0.0003105082
0.0000087972
0.0000273231
0.0000231284
-0.0000037168
0.0000062794
0.0001610515
-0.0000330436
-0.0000238102
-0.0001344760
0.0000465809
0.0001962508
0.0001605617
-0.0001190004
-0.0000027724
0.0000263519
-0.0000791961
0.0002227491
0.0000876262
-0.0000680366
-0.0000241131
0.0000213812
-0.0000090312
-0.0000626832
-0.0000123031
0.0001929461
0.0000740704
-0.0000388480
-0.0000129797
0.0001975137
0.0000182780
0.0000792866
-0.0000948576
0.0002305788
0.0000258006
0.0000590621
-0.0000911867
0.0000128794
0.0000980731
-0.0000195246
0.0000379783
0.0002036493
-0.0001853674
-0.0000121299
0.0000937260
-0.0000078603
0.0000200229
0.0000701904
0.0000155253
0.0001322236
-0.0006191192
0.0003912262
-0.0008892113
-0.0003800702
0.0003191094
-0.0001263092
-0.0001200208
-0.0002881722
0.0000705019
0.0001304155
-0.0002565431
-0.0003666853
-0.0000213715
-0.0002520214
0.0000052935
0.0000824201
-0.0000061993
-0.0000446430
0.0000282111
0.0000357371
-0.0000844240
