0.0000000000
0.0000072356
0.0000104082
0.0000087090
-0.0000465871
0.0000151078
-0.0000537079
-0.0000410023
-0.0001643038
0.0000085440
0.0003002311
0.0000106429
0.0000349013
-0.0002915399
0.0008376801
-0.0009284090
0.0009232175
0.0002368397
0.0001566922
0.0000620752
0.0000891889
-0.0004362258
-0.0001609036
-0.0000267286
0.0000231835
0.0000674375
-0.0000244081
-0.0000092146
-0.0000635251
0.0000256132
0.0004055136
-0.0001493262
-0.0001474790
0.0000366291
0.0000398341
-0.0000746628
0.0000024068
0.0000097661
-0.0001330997
0.0000688518
-0.0000052878
-0.0001625732
0.0000197405
-0.0000680064
-0.0000570015
-0.0000960225
-0.0003080750
0.0003962961
0.0000569778
0.0000609744
0.0001117186
-0.0000204076
0.0001134345
0.0000599009
0.0000984762
-0.0000097952
-0.0000086204
-0.0000940456
0.0001435271
-0.0001589199
-0.0001308745
-0.0000855994
-0.0000138182
0.0000598271
0.0000016825
0.0000636615
0.0000818841
0.0000381492
0.0000013039
0.0000830522
-0.0000585412
-0.0001497227
-0.0001768027
0.0001348177
0.0002531223
-0.0001598895
-0.0001354415
-0.0000809428
0.0000287454
-0.0005024804
-0.0000596290
0.0000210789
0.0000480074
0.0000481582
0.0000215659
-0.0001491337
-0.0000351216
-0.0000562817
0.0001210809
0.0001777311
0.0000939817
0.0000653748
0.0000002749
0.0000258232
-0.0000953923
0.0000134992
0.0000533037
0.0000025142
-0.0000711592
0.0000899387
0.0000505923
0.0001109585
0.0000086874
-0.0000490986
0.0000512815
0.0000380167
0.0000441206
0.0000227810
0.0000254272
0.0000476281
0.0000619514
0.0000611194
-0.0000896861
0.0000031130
0.0000018033
-0.0000009496
0.0000845930
-0.0000019092
-0.0000003170
0.0000194869
0.0000426569
-0.0000176549
-0.0000273233
0.0000166475
0.0000408692
0.0000183499
0.0000234616
-0.0000004545
0.0000353929
-0.0000437368
0.0000274457
-0.0000007129
0.0000279990
0.0000359146
0.0000332909
0.0000203784
0.0000103152
-0.0000070814
0.0000361866
0.0000276580
0.0000232206
0.0000170450
0.0000205482
0.0000187155
0.0000287529
0.0000253583
0.0000138744
0.0000262112
0.0000222080
0.0000239287
0.0000242237
0.0000260256
0.0000015633
0.0000076156
0.0000142857
0.0000082413
0.0000225106
0.0000121453
0.0000060976
0.0000202848
0.0000158866
0.0000198676
0.0000034564
0.0000193506
0.0000271126
0.0000234824
0.0000056274
0.0000084632
0.0000134575
0.0000140208
0.0000160943
0.0000150627
0.0000128638
0.0000170907
0.0000154009
0.0000121054
0.0000131302
0.0000066416
0.0000156189
0.0000113828
0.0000154683
0.0000052421
0.0000146006
0.0000026646
0.0000071932
0.0000104633
0.0000107740
0.0000161663
0.0000210764
-0.0000017747
0.0000156980
0.0000166658
0.0000085286
0.0000111651
0.0000106806
0.0000130855
0.0000158162
0.0000075145
0.0000113974
0.0000089060
0.0000167066
0.0000053384
0.0000126555
0.0000058863
0.0000099594
0.0000136375
0.0000110639
0.0000136872
0.0000087825
0.0000113760
0.0000086324
0.0000154315
0.0000040928
0.0000092912
0.0000106500
0.0000066476
0.0000132143
0.0000074596
0.0000116406
0.0000053223
0.0000126122
0.0000072460
0.0000160048
0.0000047847
0.0000146882
0.0000102444
0.0000088248
0.0000131137
0.0000108047
0.0000093475
0.0000093010
0.0000105845
0.0000045694
0.0000083045
0.0000061263
0.0000116273
0.0000125053
0.0000032405
0.0000114232
0.0000051828
0.0000122726
0.0000097287
0.0000101386
0.0000089744
0.0000092046
0.0000107078
0.0000093025
0.0000065491
0.0000031708
0.0000139681
0.0000024603
0.0000087471
0.0000072548
0.0000106181
0.0000127016
0.0000036023
0.0000080555
0.0000088129
0.0000110721
0.0000058886
0.0000099554
0.0000039566
0.0000086321
0.0000046553
0.0000077031
0.0000129430
0.0000028502
0.0000115327
0.0000057486
0.0000099070
0.0000049189
0.0000122522
0.0000009979
0.0000100310
0.0000127073
0.0000083741
0.0000045053
0.0000062762
0.0000115877
0.0000111049
0.0000085256
0.0000119237
0.0000077694
0.0000094875
0.0000049681
0.0000063238
0.0000036907
0.0000079342
0.0000070150
0.0000091240
0.0000075936
0.0000085631
0.0000045001
0.0000045445
0.0000033894
0.0000049645
0.0000113001
0.0000025332
0.0000122613
0.0000060105
0.0000087977
0.0000043963
0.0000033011
0.0000067990
0.0000031880
0.0000085068
0.0000089636
0.0000045759
0.0000037050
0.0000102639
0.0000033646
0.0000070664
0.0000041992
0.0000056069
0.0000035451
0.0000073768
0.0000101924
0.0000040527
0.0000052616
0.0000050433
0.0000068584
0.0000018051
0.0000081703
0.0000077130
0.0000018720
0.0000042649
0.0000056328
0.0000044108
0.0000086766
0.0000057073
0.0000038781
0.0000063914
0.0000063841
0.0000010354
0.0000079030
0.0000010466
0.0000103790
0.0000033121
0.0000052669
0.0000070132
0.0000022949
-0.0000013163
0.0000051017
0.0000075167
0.0000047829
0.0000088833
0.0000046692
0.0000059744
0.0000014297
0.0000065864
0.0000045525
0.0000037500
0.0000067597
0.0000024043
0.0000087640
0.0000065311
0.0000029410
0.0000016000
0.0000035118
0.0000043598
0.0000073943
0.0000019764
0.0000052504
0.0000020201
0.0000057910
0.0000042733
0.0000003354
0.0000054332
0.0000069763
0.0000077188
0.0000051011
0.0000063899
-0.0000002192
0.0000038866
0.0000064687
0.0000029328
0.0000032844
0.0000100484
0.0000086659
0.0000044078
0.0000071509
0.0000071998
0.0000065901
-0.0000016202
-0.0000097604
0.0000010217
0.0000109028
0.0000008362
-0.0000011461
0.0000021422
0.0000052804
0.0000070456
0.0000065106
0.0000077772
0.0000008582
-0.0000045839
0.0000022117
0.0000012372
0.0000124121
0.0000057201
0.0000054011
0.0000079751
0.0000078079
0.0000122281
0.0000019204
0.0000024368
0.0000016668
0.0000045450
-0.0000040017
0.0000015133
-0.0000000383
0.0000132159
0.0000056254
0.0000046931
0.0000156414
0.0000038367
0.0000076935
0.0000011149
0.0000007079
0.0000094457
-0.0000081179
0.0000008119
-0.0000084245
-0.0000022799
-0.0000080422
0.0000061965
0.0000101859
0.0000040412
0.0000023381
0.0000063097
0.0000069716
0.0000111136
-0.0000068890
0.0000064587
0.0000119882
0.0000004746
0.0000095741
0.0000082353
-0.0000008743
-0.0000071030
0.0000099762
0.0000066194
-0.0000025412
0.0000086874
0.0000022216
0.0000020229
-0.0000032046
-0.0000073142
0.0000055614
-0.0000065645
0.0000027768
0.0000110347
-0.0000019989
-0.0000066609
0.0000049845
-0.0000083607
0.0000105755
-0.0000118869
0.0000040782
-0.0000020765
0.0000020117
-0.0000031798
0.0000096996
0.0000043385
-0.0000002059
-0.0000043294
0.0000077573
-0.0000052959
0.0000035576
0.0000056175
0.0000097349
0.0000064549
0.0000024999
0.0000102778
0.0000095579
0.0000162274
0.0000069447
-0.0000001058
0.0000045037
0.0000014780
-0.0000063423
-0.0000010331
0.0000119166
0.0000123688
-0.0000034051
0.0000003216
0.0000012215
0.0000010789
-0.0000069302
0.0000092041
-0.0000102226
0.0000027471
0.0000051202
-0.0000025715
-0.0000062266
0.0000136422
-0.0000019139
0.0000018212
0.0000027484
-0.0000025000
0.0000031835
-0.0000084878
-0.0000134791
0.0000096720
0.0000034830
0.0000038783
0.0000106053
0.0000067019
-0.0000044880
0.0000063518
0.0000067989
0.0000120299
0.0000000000
-0.0000120299
-0.0000067989
-0.0000063518
0.0000044880
-0.0000067019
-0.0000106053
-0.0000038783
-0.0000034830
-0.0000096720
0.0000134791
0.0000084878
-0.0000031835
0.0000025000
-0.0000027484
-0.0000018212
0.0000019139
-0.0000136422
0.0000062266
0.0000025715
-0.0000051202
-0.0000027471
0.0000102226
-0.0000092041
0.0000069302
-0.0000010789
-0.0000012215
-0.0000003216
0.0000034051
-0.0000123688
-0.0000119166
0.0000010331
0.0000063423
-0.0000014780
-0.0000045037
0.0000001058
-0.0000069447
-0.0000162274
-0.0000095579
-0.0000102778
-0.0000024999
-0.0000064549
-0.0000097349
-0.0000056175
-0.0000035576
0.0000052959
-0.0000077573
0.0000043294
0.0000002059
-0.0000043385
-0.0000096996
0.0000031798
-0.0000020117
0.0000020765
-0.0000040782
0.0000118869
-0.0000105755
0.0000083607
-0.0000049845
0.0000066609
0.0000019989
-0.0000110347
-0.0000027768
0.0000065645
-0.0000055614
0.0000073142
0.0000032046
-0.0000020229
-0.0000022216
-0.0000086874
0.0000025412
-0.0000066194
-0.0000099762
0.0000071030
0.0000008743
-0.0000082353
-0.0000095741
-0.0000004746
-0.0000119882
-0.0000064587
0.0000068890
-0.0000111136
-0.0000069716
-0.0000063097
-0.0000023381
-0.0000040412
-0.0000101859
-0.0000061965
0.0000080422
0.0000022799
0.0000084245
-0.0000008119
0.0000081179
-0.0000094457
-0.0000007079
-0.0000011149
-0.0000076935
-0.0000038367
-0.0000156414
-0.0000046931
-0.0000056254
-0.0000132159
0.0000000383
-0.0000015133
0.0000040017
-0.0000045450
-0.0000016668
-0.0000024368
-0.0000019204
-0.0000122281
-0.0000078079
-0.0000079751
-0.0000054011
-0.0000057201
-0.0000124121
-0.0000012372
-0.0000022117
0.0000045839
-0.0000008582
-0.0000077772
-0.0000065106
-0.0000070456
-0.0000052804
-0.0000021422
0.0000011461
-0.0000008362
-0.0000109028
-0.0000010217
0.0000097604
0.0000016202
-0.0000065901
-0.0000071998
-0.0000071509
-0.0000044078
-0.0000086659
-0.0000100484
-0.0000032844
-0.0000029328
-0.0000064687
-0.0000038866
0.0000002192
-0.0000063899
-0.0000051011
-0.0000077188
-0.0000069763
-0.0000054332
-0.0000003354
-0.0000042733
-0.0000057910
-0.0000020201
-0.0000052504
-0.0000019764
-0.0000073943
-0.0000043598
-0.0000035118
-0.0000016000
-0.0000029410
-0.0000065311
-0.0000087640
-0.0000024043
-0.0000067597
-0.0000037500
-0.0000045525
-0.0000065864
-0.0000014297
-0.0000059744
-0.0000046692
-0.0000088833
-0.0000047829
-0.0000075167
-0.0000051017
0.0000013163
-0.0000022949
-0.0000070132
-0.0000052669
-0.0000033121
-0.0000103790
-0.0000010466
-0.0000079030
-0.0000010354
-0.0000063841
-0.0000063914
-0.0000038781
-0.0000057073
-0.0000086766
-0.0000044108
-0.0000056328
-0.0000042649
-0.0000018720
-0.0000077130
-0.0000081703
-0.0000018051
-0.0000068584
-0.0000050433
-0.0000052616
-0.0000040527
-0.0000101924
-0.0000073768
-0.0000035451
-0.0000056069
-0.0000041992
-0.0000070664
-0.0000033646
-0.0000102639
-0.0000037050
-0.0000045759
-0.0000089636
-0.0000085068
-0.0000031880
-0.0000067990
-0.0000033011
-0.0000043963
-0.0000087977
-0.0000060105
-0.0000122613
-0.0000025332
-0.0000113001
-0.0000049645
-0.0000033894
-0.0000045445
-0.0000045001
-0.0000085631
-0.0000075936
-0.0000091240
-0.0000070150
-0.0000079342
-0.0000036907
-0.0000063238
-0.0000049681
-0.0000094875
-0.0000077694
-0.0000119237
-0.0000085256
-0.0000111049
-0.0000115877
-0.0000062762
-0.0000045053
-0.0000083741
-0.0000127073
-0.0000100310
-0.0000009979
-0.0000122522
-0.0000049189
-0.0000099070
-0.0000057486
-0.0000115327
-0.0000028502
-0.0000129430
-0.0000077031
-0.0000046553
-0.0000086321
-0.0000039566
-0.0000099554
-0.0000058886
-0.0000110721
-0.0000088129
-0.0000080555
-0.0000036023
-0.0000127016
-0.0000106181
-0.0000072548
-0.0000087471
-0.0000024603
-0.0000139681
-0.0000031708
-0.0000065491
-0.0000093025
-0.0000107078
-0.0000092046
-0.0000089744
-0.0000101386
-0.0000097287
-0.0000122726
-0.0000051828
-0.0000114232
-0.0000032405
-0.0000125053
-0.0000116273
-0.0000061263
-0.0000083045
-0.0000045694
-0.0000105845
-0.0000093010
-0.0000093475
-0.0000108047
-0.0000131137
-0.0000088248
-0.0000102444
-0.0000146882
-0.0000047847
-0.0000160048
-0.0000072460
-0.0000126122
-0.0000053223
-0.0000116406
-0.0000074596
-0.0000132143
-0.0000066476
-0.0000106500
-0.0000092912
-0.0000040928
-0.0000154315
-0.0000086324
-0.0000113760
-0.0000087825
-0.0000136872
-0.0000110639
-0.0000136375
-0.0000099594
-0.0000058863
-0.0000126555
-0.0000053384
-0.0000167066
-0.0000089060
-0.0000113974
-0.0000075145
-0.0000158162
-0.0000130855
-0.0000106806
-0.0000111651
-0.0000085286
-0.0000166658
-0.0000156980
0.0000017747
-0.0000210764
-0.0000161663
-0.0000107740
-0.0000104633
-0.0000071932
-0.0000026646
-0.0000146006
-0.0000052421
-0.0000154683
-0.0000113828
-0.0000156189
-0.0000066416
-0.0000131302
-0.0000121054
-0.0000154009
-0.0000170907
-0.0000128638
-0.0000150627
-0.0000160943
-0.0000140208
-0.0000134575
-0.0000084632
-0.0000056274
-0.0000234824
-0.0000271126
-0.0000193506
-0.0000034564
-0.0000198676
-0.0000158866
-0.0000202848
-0.0000060976
-0.0000121453
-0.0000225106
-0.0000082413
-0.0000142857
-0.0000076156
-0.0000015633
-0.0000260256
-0.0000242237
-0.0000239287
-0.0000222080
-0.0000262112
-0.0000138744
-0.0000253583
-0.0000287529
-0.0000187155
-0.0000205482
-0.0000170450
-0.0000232206
-0.0000276580
-0.0000361866
0.0000070814
-0.0000103152
-0.0000203784
-0.0000332909
-0.0000359146
-0.0000279990
0.0000007129
-0.0000274457
0.0000437368
-0.0000353929
0.0000004545
-0.0000234616
-0.0000183499
-0.0000408692
-0.0000166475
0.0000273233
0.0000176549
-0.0000426569
-0.0000194869
0.0000003170
0.0000019092
-0.0000845930
0.0000009496
-0.0000018033
-0.0000031130
0.0000896861
-0.0000611194
-0.0000619514
-0.0000476281
-0.0000254272
-0.0000227810
-0.0000441206
-0.0000380167
-0.0000512815
0.0000490986
-0.0000086874
-0.0001109585
-0.0000505923
-0.0000899387
0.0000711592
-0.0000025142
-0.0000533037
-0.0000134992
0.0000953923
-0.0000258232
-0.0000002749
-0.0000653748
-0.0000939817
-0.0001777311
-0.0001210809
0.0000562817
0.0000351216
0.0001491337
-0.0000215659
-0.0000481582
-0.0000480074
-0.0000210789
0.0000596290
0.0005024804
-0.0000287454
0.0000809428
0.0001354415
0.0001598895
-0.0002531223
-0.0001348177
0.0001768027
0.0001497227
0.0000585412
-0.0000830522
-0.0000013039
-0.0000381492
-0.0000818841
-0.0000636615
-0.0000016825
-0.0000598271
0.0000138182
0.0000855994
0.0001308745
0.0001589199
-0.0001435271
0.0000940456
0.0000086204
0.0000097952
-0.0000984762
-0.0000599009
-0.0001134345
0.0000204076
-0.0001117186
-0.0000609744
-0.0000569778
-0.0003962961
0.0003080750
0.0000960225
0.0000570015
0.0000680064
-0.0000197405
0.0001625732
0.0000052878
-0.0000688518
0.0001330997
-0.0000097661
-0.0000024068
0.0000746628
-0.0000398341
-0.0000366291
0.0001474790
0.0001493262
-0.0004055136
-0.0000256132
0.0000635251
0.0000092146
0.0000244081
-0.0000674375
-0.0000231835
0.0000267286
0.0001609036
0.0004362258
-0.0000891889
-0.0000620752
-0.0001566922
-0.0002368397
-0.0009232175
0.0009284090
-0.0008376801
0.0002915399
-0.0000349013
-0.0000106429
-0.0003002311
-0.0000085440
0.0001643038
0.0000410023
0.0000537079
-0.0000151078
0.0000465871
-0.0000087090
-0.0000104082
-0.0000072356
